mean: [-1.56719843]
variance: [1.999999e-06]
